site load A HTMLParse A PostParse A download A comp A block A dep_D2E A dep_E2D_html A dep_E2D_css A dep_E2D_js A dep_RFB A dep_HOL_css A dep_HOL_js A block_js A domain_cp A bytes A
searchengineland.com_1-2-3-smile-say-hi-to-search-engine-land-on-instagram-220237 15.2415630000032 2.03011100000003 11.8528850000002 0.456706999999369 3.38867800000298 1.5734040000006602 0.0 0.92787599999975 15.2415630000032 1.10223500000028 0.0 0.0 0 1 0 0 0 0 0 0 0 0 0 0 0 0 0.0 0.0 0 1 4140995 517852 
searchengineland.com_10-big-changes-search-20-years-covering-246421 15.7145900000014 2.74417999999969 12.5068970000011 0.63011299999971 3.20769300000029 2.11406699999998 0.0 0.0 15.714590000001401 2.74417999999969 0.0 0.0 0 0 0 0 0 0 0 0 0 0 0 0 0 0 0.0 0.0 0 0 6421929 715150 
searchengineland.com_10-tips-for-avoiding-shady-seo-providers-245676 12.5653750000001 2.02151799999774 9.28689100000065 0.435053999997763 3.27848399999948 1.58646399999998 0.0 0.0 12.5653750000001 2.02151799999774 0.0 0.0 0 0 0 0 0 0 0 0 0 0 0 0 0 0 0.0 0.0 0 0 5305494 514531 
searchengineland.com_3-actions-get-ready-googles-mobile-search-update-215662 12.3538490000028 4.15505699999994 9.96141200000056 0.508845000000292 2.39243700000225 3.64621199999965 0.0 2.9944850000001604 12.3538490000028 1.1605719999997801 0.0 0.0 0 1 0 0 0 0 0 0 0 0 0 0 0 0 0.0 0.0 0 1 5769611 716931 
searchengineland.com_3-free-adwords-testing-tools-adopt-today-270116 9.62605600000097 3.26883300000191 7.58790999999837 0.618996000001061 2.0381460000026 2.64983700000084 0.0 2.08011599999736 9.62605600000097 1.1887170000045502 0.0 0.0 0 1 0 0 0 0 0 0 0 0 0 0 0 0 0.0 0.0 0 1 3306032 804316 
searchengineland.com_3-google-adwords-hacks-drive-high-quality-leads-250161 13.8976619999994 2.34053399999902 10.697411000001 0.476869999998598 3.20025099999839 1.8636640000004299 0.0 1.11193999999887 13.8976619999994 1.2285940000001598 0.0 0.0 0 1 0 0 0 0 0 0 0 0 0 0 0 0 0.0 0.0 0 1 6576822 548315 
searchengineland.com_35-ways-improve-seo-sem-performance-smx-advanced-275130 13.0332920000001 2.496234000002 10.2758329999997 1.18274300000121 2.75745900000038 1.31349100000079 0.0 1.59056000000419 13.033292000000099 0.9056739999978151 0.0 0.0 0 2 0 1 0 0 0 0 0 0 0 0 0 0 0.0 0.0 0 2 4295029 503595 
searchengineland.com_5-must-technical-seo-audits-validations-2017-273207 10.4453649999996 2.11645400000089 9.09362400000009 0.498389000000316 1.35174099999949 1.61806500000057 0.0 0.870705000001182 10.4453649999996 1.2457489999996998 0.0 0.0 0 1 0 0 0 0 0 0 0 0 0 0 0 0 0.0 0.0 0 1 6655642 606117 
searchengineland.com_5-successful-b2b-adwords-best-practices-for-any-company-277308 9.74895000000106 2.35768800000005 7.80367300000034 0.595072000000073 1.9452770000007098 1.76261599999998 0.0 1.1482159999977701 9.74895000000106 1.20947200000228 0.0 0.0 0 1 0 0 0 0 0 0 0 0 0 0 0 0 0.0 0.0 0 1 5214745 525127 
searchengineland.com_6-local-marketing-lessons-learned-comiccon-225449 13.6248719999967 2.37022700000125 9.48292899999797 0.454651000000013 4.14194299999872 1.9155760000012398 0.0 1.25251500000012 13.6248719999967 1.11771200000113 0.0 0.0 0 1 0 0 0 0 0 0 0 0 0 0 0 0 0.0 0.0 0 1 7288818 575336 
searchengineland.com_7-changes-facebook-make-real-local-search-player-276964 13.282663 1.95760599999994 10.6380439999994 0.561447000000044 2.6446190000006 1.3961589999999 0.0 0.0 13.282663000000001 1.95760599999994 0.0 0.0 0 0 0 0 0 0 0 0 0 0 0 0 0 0 0.0 0.0 0 0 6349472 134815 
searchengineland.com_7-fundamental-technical-seo-questions-to-answer-with-a-log-analysis-and-how-to-easily-do-it-245903 9.93568400000004 2.98775900000328 8.19742000000042 0.391514000002644 1.73826399999962 2.59624500000064 0.0 0.0 9.93568400000004 2.98775900000328 0.0 0.0 0 0 0 0 0 0 0 0 0 0 0 0 0 0 0.0 0.0 0 0 5927279 630260 
searchengineland.com_7-great-reasons-attend-smx-advanced-2-weeks-276095 12.9224889999996 3.03541399999995 10.9085349999996 0.537968999999975 2.01395400000001 2.49744499999997 0.0 1.8800960000007798 12.922488999999599 1.15531799999917 0.0 0.0 0 1 0 0 0 0 0 0 0 0 0 0 0 0 0.0 0.0 0 1 6044127 798598 
searchengineland.com_7-real-world-tips-better-social-engagement-275453 9.70824100000027 2.35298799999873 7.64316299999973 0.5454499999978 2.06507800000054 1.80753800000093 0.0 1.36752200000047 9.70824100000027 0.985465999998264 0.0 0.0 0 1 0 0 0 0 0 0 0 0 0 0 0 0 0.0 0.0 0 1 2727726 564770 
searchengineland.com_7-unannounced-updates-google-business-2017-274086 13.5159820000008 2.37214500000118 9.81987500000105 0.466950000001816 3.69610699999976 1.90519499999937 0.0 1.2275140000019802 13.5159820000008 1.14463099999921 0.0 0.0 0 1 0 0 0 0 0 0 0 0 0 0 0 0 0.0 0.0 0 1 3834283 581493 
searchengineland.com_7-ways-small-retailers-can-compete-with-retail-giants-using-google-shopping-269454 7.79446400000006 2.71146500000032 5.87324399999989 0.389680000000226 1.92122000000018 2.32178500000009 0.424753999999661 1.59873499999958 6.24925800000029 1.1127300000007398 1.1204520000001101 0.0 2 1 0 0 0 0 0 0 0 0 0 0 0 0 1.1204520000001101 0.0 3 1 3470197 309459 
searchengineland.com_account-based-marketing-guide-modern-marketers-276012 11.3906619999998 2.39454699999987 8.37041899999895 0.515210999999908 3.0202430000008498 1.87933599999997 1.19379000000117 1.25935399999981 8.86627899999803 1.13519300000007 1.3305930000005999 0.0 2 1 0 0 0 0 0 0 0 0 0 0 0 0 1.3305930000005999 0.0 2 1 5944768 573134 
searchengineland.com_advanced-seos-need-know-algorithm-updates-277147 14.7407170000006 2.08647100000235 11.1909449999985 0.472007000000303 3.54977200000212 1.61446400000204 0.0 0.965637000001145 14.7407170000006 1.1208340000011998 0.0 0.0 0 1 0 0 0 0 0 0 0 0 0 0 0 0 0.0 0.0 0 1 4723578 569838 
searchengineland.com_advertisers-consider-pausing-google-local-inventory-ads-268081 13.2946560000019 2.92828399999962 9.77941600000122 0.524271999998746 3.51524000000063 2.40401200000088 0.0 1.8639719999991902 13.2946560000019 1.06431200000043 0.0 0.0 0 1 0 0 0 0 0 0 0 0 0 0 0 0 0.0 0.0 0 1 5418719 407575 
searchengineland.com_adwords-2017-roadmap-loaded-artificial-intelligence-276303 14.6130810000004 2.08474899999965 8.92404200000055 0.547588999999789 5.68903899999987 1.53715999999986 0.0 0.872882000001478 14.6130810000004 1.2118669999981702 0.0 0.0 0 1 0 0 0 0 0 0 0 0 0 0 0 0 0.0 0.0 0 1 2450990 532198 
searchengineland.com_adwords-maximize-conversions-smart-bidding-276064 11.735087 2.13351899999907 8.97873199999958 0.415885000002163 2.75635500000044 1.71763399999691 0.0 0.861830000001651 11.735087 1.2716889999974201 0.0 0.0 0 1 0 0 0 0 0 0 0 0 0 0 0 0 0.0 0.0 0 1 5095599 532455 
searchengineland.com_ai-disrupting-major-industries-276349 10.2469289999999 2.90411299999687 7.62204099999963 0.501811999998608 2.62488800000028 2.40230099999826 0.0 0.0 10.2469289999999 2.90411299999687 0.0 0.0 0 0 0 0 0 0 0 0 0 0 0 0 0 0 0.0 0.0 0 0 2444473 614433 
searchengineland.com_amp-answer-format-fragmentation-276313 13.4099529999985 2.19455599999992 10.3311700000013 0.555983000000197 3.0787829999972 1.63857299999972 0.0 1.01028899999982 13.4099529999985 1.1842670000001 0.0 0.0 0 1 0 0 0 0 0 0 0 0 0 0 0 0 0.0 0.0 0 1 6158692 528828 
searchengineland.com_amp-ecommerce-case-study-event-ticket-center-277444 14.0718070000003 2.09951600000022 13.1567730000024 0.535640999999487 0.915033999997831 1.56387500000073 0.0 0.911134999999378 14.071807000000302 1.18838100000084 0.0 0.0 0 1 0 0 0 0 0 0 0 0 0 0 0 0 0.0 0.0 0 1 5664970 543932 
searchengineland.com_antikythera-mechanism-google-doodle-honors-ancient-astronomical-tool-275178 13.3749750000025 2.06592400000045 9.78690500000084 0.480960000000778 3.58807000000161 1.58496399999967 0.0 0.0 13.3749750000025 2.06592400000045 0.0 0.0 0 0 0 0 0 0 0 0 0 0 0 0 0 0 0.0 0.0 0 0 4616047 462026 
searchengineland.com_attend-smx-advanced-seo-sem-tactics-work-rates-increase-next-week-272110 14.1065399999989 2.86818400000084 10.2700389999991 0.599947000000611 3.83650099999977 2.26823700000023 0.0 0.6055580000011029 14.106539999998901 2.26262599999973 0.0 0.0 0 1 0 0 0 0 0 0 0 0 0 0 0 0 0.0 0.0 0 2 6226448 714076 
searchengineland.com_authoritative-links-search-engine-lands-10-top-link-week-columns-2015-237917 12.8486090000006 2.2033909999991 7.71822500000053 0.515733000000182 5.13038400000005 1.68765799999892 0.0 0.9548119999999489 12.8486090000006 1.2485789999991501 0.0 0.0 0 1 0 0 0 0 0 0 0 0 0 0 0 0 0.0 0.0 0 1 3520667 535981 
searchengineland.com_authority-link-building-real-time-penguin-259584 13.7814589999998 2.71164499999941 10.6518560000004 0.498395999999047 3.1296029999994097 2.21324900000036 0.0 0.0 13.781458999999801 2.71164499999941 0.0 0.0 0 0 0 0 0 0 0 0 0 0 0 0 0 0 0.0 0.0 0 0 6172518 568582 
searchengineland.com_baby-come-back-grow-customer-revenue-people-based-search-marketing-277072 11.8799879999997 2.61412700000074 8.86094699999967 0.499787000000651 3.01904100000002 2.1143400000000803 0.0 1.40944899999886 11.879987999999699 1.20467800000188 0.0 0.0 0 1 0 0 0 0 0 0 0 0 0 0 0 0 0.0 0.0 0 1 5756503 564989 
searchengineland.com_baidu-becomes-googles-biggest-ally-mobile-page-speed-271275 8.96934099999999 2.21060299999954 7.72758799999974 0.525537999998051 1.2417530000002401 1.68506500000149 0.0 2.12793400000009 8.96934099999999 0.0826689999994442 0.0 0.0 0 1 0 1 0 0 0 0 0 0 0 0 0 0 0.0 0.0 0 2 5263765 105613 
searchengineland.com_beginners-guide-bing-ads-management-274706 12.1128060000001 2.19090700000015 6.89870000000019 0.525856000000203 5.2141059999999 1.6650509999999499 0.0 0.9654820000014309 12.1128060000001 1.2254249999987201 0.0 0.0 0 1 0 0 0 0 0 0 0 0 0 0 0 0 0.0 0.0 0 1 1337956 545004 
searchengineland.com_biggest-google-ad-updates-also-quietest-258423 12.7351429999999 1.58946800000194 10.014733 0.514525000002322 2.7204099999999 1.07494299999962 0.516765000000303 1.48802199999773 10.551916000000299 0.101446000004212 1.66646199999923 0.0 3 2 1 1 0 0 0 0 1 0 0 0 0 0 1.66646199999923 0.0 2 2 6086056 516352 
searchengineland.com_bing-adds-trails-near-search-feature-find-perfect-hike-summer-275087 12.5362780000014 2.54788200000075 11.1162850000001 0.580555000000459 1.41999300000134 1.9673270000002998 0.0 1.38199600000189 12.536278000001401 1.16588599999886 0.0 0.0 0 1 0 0 0 0 0 0 0 0 0 0 0 0 0.0 0.0 0 1 6060620 645963 
searchengineland.com_bing-ads-editor-updates-multi-select-277862 8.9451169999993 2.18118899999899 6.91797699999915 0.453045000002021 2.02714000000014 1.72814399999697 0.0 1.08103499999925 8.9451169999993 1.10015399999975 0.0 0.0 0 1 0 0 0 0 0 0 0 0 0 0 0 0 0.0 0.0 0 1 3106052 576141 
searchengineland.com_bing-ads-rolls-expanded-device-targeting-globally-supports-mobile-campaigns-276840 14.4171260000003 2.30867199999921 12.7844339999974 0.701632000000245 1.63269200000286 1.60703999999896 0.0 1.24362400000064 14.4171260000003 1.06504799999857 0.0 0.0 0 1 0 0 0 0 0 0 0 0 0 0 0 0 0.0 0.0 0 1 2258792 553967 
searchengineland.com_bing-ads-rolls-merchant-promotions-shopping-campaigns-us-273984 14.2243039999994 2.05739299999914 10.5766609999991 0.443957999999839 3.64764300000024 1.6134349999993 0.0 1.00755500000014 14.2243039999994 1.049837999999 0.0 0.0 0 1 0 0 0 0 0 0 0 0 0 0 0 0 0.0 0.0 0 1 2858859 582296 
searchengineland.com_bing-ads-standard-text-ad-support-end-july-31-2017-274898 9.45509399999992 2.05375800000184 8.49246299999959 0.428717999999208 0.962631000000329 1.62504000000263 0.0 0.841365000000221 9.455093999999919 1.21239300000161 0.0 0.0 0 1 0 0 0 0 0 0 0 0 0 0 0 0 0.0 0.0 0 1 5307240 59191 
searchengineland.com_bing-audience-targeting-in-market-custom-audiences-277080 10.1791599999997 2.21998499999972 7.46846899999946 0.604987999999594 2.71069100000022 1.61499700000013 0.0 0.893556999999874 10.1791599999997 1.32642799999985 0.0 0.0 0 1 0 0 0 0 0 0 0 0 0 0 0 0 0.0 0.0 0 1 5533226 43083 
searchengineland.com_bing-updates-dmca-takedowns-copyright-removal-process-273615 13.3016199999984 2.84056100000089 9.59603199999765 0.523567000000185 3.70558800000072 2.3169940000007 0.508374999997619 0.0 11.873049000005299 2.84056100000089 0.920195999995491 0.0 3 0 1 0 0 0 0 0 1 0 0 0 0 0 0.920195999995491 0.0 3 0 5948050 683467 
searchengineland.com_bing-visual-search-lets-search-specific-objects-within-images-276156 12.8411330000017 3.74331499999971 9.65973900000063 0.573174999997718 3.18139400000109 3.17014000000199 0.0 2.62507099999857 12.841133000001701 1.11824400000114 0.0 0.0 0 1 0 0 0 0 0 0 0 0 0 0 0 0 0.0 0.0 0 1 5800167 944678 
searchengineland.com_building-marketing-technology-team-bring-martech-270819 11.993397000002 2.97122099999979 7.26692800000092 0.488137000000279 4.72646900000109 2.48308399999951 0.0 0.0 11.993397000002 2.97122099999979 0.0 0.0 0 0 0 0 0 0 0 0 0 0 0 0 0 0 0.0 0.0 0 0 1787329 576774 
searchengineland.com_buyers-guide-content-marketing-tools-275035 12.9779090000002 3.00510100000065 9.64985400000023 0.594412000000375 3.32805499999995 2.41068900000027 1.3120889999999998 0.560011999999915 11.665820000000199 2.44508900000073 0.0 0.0 4 1 0 0 0 0 3 0 0 0 0 0 0 0 0.0 0.0 4 1 4303823 34867 
searchengineland.com_call-entries-2017-search-engine-land-awards-274554 19.2381299999979 2.04719900000055 12.852773999999 0.512931000001117 6.38535599999886 1.53426799999943 0.0 0.995954000001799 19.2381299999979 1.05124499999875 0.0 0.0 0 1 0 0 0 0 0 0 0 0 0 0 0 0 0.0 0.0 0 1 4673914 548560 
searchengineland.com_can-manage-inventory-google-shopping-247541 9.41840799999954 3.05837500000052 5.52789400000074 0.59225200000219 3.8905139999988 2.4661229999983303 0.0 0.0 9.41840799999954 3.05837500000052 0.0 0.0 0 0 0 0 0 0 0 0 0 0 0 0 0 0 0.0 0.0 0 0 3896224 575154 
searchengineland.com_chromes-devtools-seo-10-ways-use-seo-audits-266433 9.45865099999901 3.13407999999981 8.20183499999985 0.576155999999173 1.2568159999991602 2.55792400000064 0.0 1.76238500000182 9.45865099999901 1.371694999998 0.0 0.0 0 1 0 0 0 0 0 0 0 0 0 0 0 0 0.0 0.0 0 1 6031817 631730 
searchengineland.com_compare-6-top-content-management-systems-277117 10.4805909999995 2.39161299999978 8.24466600000051 0.538037999999688 2.2359249999990403 1.8535750000000901 0.0 1.3826909999998 10.4805909999995 1.0089219999999801 0.0 0.0 0 1 0 0 0 0 0 0 0 0 0 0 0 0 0.0 0.0 0 1 3683618 648398 
searchengineland.com_compare-9-paid-search-campaign-management-tools-276781 9.50280500000008 2.45829199999935 8.39110399999845 0.441977999998926 1.11170100000163 2.01631400000042 0.0 1.10113200000342 9.50280500000008 1.35715999999593 0.0 0.0 0 1 0 0 0 0 0 0 0 0 0 0 0 0 0.0 0.0 0 1 5348903 533129 
searchengineland.com_data-google-monthly-search-volume-dwarfs-rivals-mobile-advantage-269120 13.6146370000024 2.79422800000248 10.8028720000002 0.494688000002498 2.8117650000022 2.29953999999998 0.375710000000254 0.0 13.2389270000021 2.7942280000024797 0.0 0.0 1 0 0 0 0 0 0 0 0 0 0 0 0 0 0.0 0.0 1 0 2696418 681779 
searchengineland.com_dear-google-4-suggestions-fixing-massive-problem-fake-reviews-276445 13.8571910000028 2.19270700000015 6.12896499999988 0.523552000000564 7.72822600000291 1.66915499999959 1.4311579999994302 0.0 12.0971370000043 2.19270700000015 0.32889599999908 0.0 2 0 0 0 0 0 0 0 0 0 0 0 0 0 0.32889599999908 0.0 3 0 2967908 448567 
searchengineland.com_dmoz-has-officially-closed-271530 13.1654000000017 2.51134999999886 9.59273699999903 0.565161000000444 3.57266300000265 1.94618899999841 0.0 1.4486699999997599 13.1654000000017 1.0626799999991 0.0 0.0 0 1 0 0 0 0 0 0 0 0 0 0 0 0 0.0 0.0 0 1 5072786 595183 
searchengineland.com_dont-miss-smx-advanced-year-register-now-save-400-274247 13.637494999999 11.8805080000002 11.6419999999998 0.445263999999952 1.99549499999921 11.4352440000002 0.0 10.798808999998 13.637494999999001 1.0816990000021698 0.0 0.0 0 1 0 0 0 0 0 0 0 0 0 0 0 0 0.0 0.0 0 1 1986585 3391170 
searchengineland.com_dont-tardy-back-school-searching-starts-july-plan-campaigns-now-275912 13.4560389999997 2.76289600000018 9.47119199999997 0.448693000002095 3.98484699999972 2.31420299999809 0.0 0.461772999999086 13.4560389999997 2.3011230000011 0.0 0.0 0 1 0 0 0 0 0 0 0 0 0 0 0 0 0.0 0.0 0 2 3959419 53360 
searchengineland.com_early-performance-results-googles-update-close-variants-277214 14.3574879999996 2.193408000001 10.0119959999993 0.48524400000133 4.34549200000038 1.70816399999967 0.756507000000105 1.00389600000198 13.4477189999997 1.18951199999902 0.15326199999982001 0.0 1 1 0 0 0 0 0 0 0 0 0 0 0 0 0.15326199999982001 0.0 3 1 3741418 537136 
searchengineland.com_eat-local-top-10-local-search-columns-2016-264767 13.0406610000009 2.61389799999961 9.85398999999961 0.597706999998991 3.1866710000013 2.01619100000062 0.0 1.45158500000071 13.0406610000009 1.1623129999989001 0.0 0.0 0 1 0 0 0 0 0 0 0 0 0 0 0 0 0.0 0.0 0 1 3716219 170633 
searchengineland.com_ebay-goes-amp-sign-might-break-past-news-253254 12.5360410000003 3.00395800000115 9.835239 0.502096000000165 2.70080200000029 2.50186200000098 0.0 1.7172960000025301 12.5360410000003 1.2866619999986202 0.0 0.0 0 1 0 0 0 0 0 0 0 0 0 0 0 0 0.0 0.0 0 1 6475207 761397 
searchengineland.com_eerie-future-adwords-targeting-260922 9.15661200000068 2.52785300000323 8.36401400000068 0.559634000001097 0.792597999999998 1.96821900000214 0.0 1.41398100000152 9.15661200000068 1.11387200000172 0.0 0.0 0 1 0 0 0 0 0 0 0 0 0 0 0 0 0.0 0.0 0 1 5512666 574086 
searchengineland.com_eu-ready-fine-google-billions-shopping-search-case-report-276190 8.04564800000117 2.19341699999859 7.2202410000009 0.461439999999129 0.825407000000268 1.73197699999946 0.0 0.991227000002259 8.04564800000117 1.20218999999633 0.0 0.0 0 1 0 0 0 0 0 0 0 0 0 0 0 0 0.0 0.0 0 1 3784564 601446 
searchengineland.com_faq-google-mobile-first-index-262751 13.4136990000006 2.07952399999886 10.4923080000008 0.487162999999782 2.92139099999986 1.59236099999907 0.0 0.911635000000391 13.413699000000602 1.1678889999984599 0.0 0.0 0 1 0 0 0 0 0 0 0 0 0 0 0 0 0.0 0.0 0 1 4610806 573974 
searchengineland.com_fathers-day-2017-google-doodle-brings-back-cactus-family-mothers-day-277279 13.4777859999995 2.57203599999957 11.799371000001 0.395598999999493 1.6784149999984899 2.17643700000008 0.0 1.00757500000054 13.477785999999499 1.56446099999903 0.0 0.0 0 1 0 0 0 0 0 0 0 0 0 0 0 0 0.0 0.0 0 1 3603580 1133264 
searchengineland.com_forget-testimonials-page-2016-year-reviews-239395 13.5361489999996 2.11236900000222 10.0248240000001 0.441257000002224 3.51132499999949 1.6711119999999902 0.0 0.893905000000804 13.536148999999599 1.2184640000014102 0.0 0.0 0 1 0 0 0 0 0 0 0 0 0 0 0 0 0.0 0.0 0 1 3334719 307492 
searchengineland.com_forget-unique-content-try-actually-local-260294 14.3978220000008 3.11795800000073 11.7172200000005 0.586767000000691 2.68060200000036 2.5311910000000397 0.0 1.99913600000036 14.3978220000008 1.1188220000003601 0.0 0.0 0 1 0 0 0 0 0 0 0 0 0 0 0 0 0.0 0.0 0 1 5664716 836990 
searchengineland.com_gboard-android-gets-new-ways-search-emojis-phrase-suggestions-276841 13.7135239999989 2.54770199999984 10.130882999998 0.561680000002525 3.58264100000088 1.98602199999732 0.0 1.06556500000079 13.7135239999989 1.48213699999906 0.0 0.0 0 1 0 0 0 0 0 0 0 0 0 0 0 0 0.0 0.0 0 1 6750372 1053941 
searchengineland.com_get-google-review-links-g-update-237190 9.903538999999 2.07598499999949 7.89873900000021 0.461787000000186 2.0047999999988 1.61419799999931 0.0 0.8874220000034331 9.903538999999 1.1885629999960599 0.0 0.0 0 1 0 0 0 0 0 0 0 0 0 0 0 0 0.0 0.0 0 1 5480094 549467 
searchengineland.com_google-adds-fidget-spinner-basket-easter-eggs-277473 13.0208949999978 2.28573800000049 10.2887069999997 0.513563000000431 2.7321879999981302 1.77217500000006 0.0 1.0247109999982098 13.0208949999978 1.2610270000022799 0.0 0.0 0 1 0 0 0 0 0 0 0 0 0 0 0 0 0.0 0.0 0 1 4228407 565913 
searchengineland.com_google-advice-switch-m-dot-domain-responsive-mobile-first-index-rollout-277446 9.14093899999898 2.14616000000024 8.27517899999839 0.413802000002761 0.8657600000005911 1.7323579999974799 0.0 1.0085859999962798 9.14093899999898 1.13757400000396 0.0 0.0 0 1 0 0 0 0 0 0 0 0 0 0 0 0 0.0 0.0 0 1 1471939 544392 
searchengineland.com_google-adwords-custom-dashboards-report-editor-test-275723 8.81552700000066 2.11980799999947 6.74692499999946 0.532070999999632 2.06860200000119 1.58773699999983 0.0 1.11077000000114 8.81552700000066 1.00903799999832 0.0 0.0 0 1 0 0 0 0 0 0 0 0 0 0 0 0 0.0 0.0 0 1 4839994 584348 
searchengineland.com_google-adwords-ecpc-bid-cap-removed-274824 12.6213829999979 2.02713999999833 8.9937659999996 0.525696000000607 3.62761699999828 1.50144399999772 0.0 0.476403000000573 12.6213829999979 1.55073699999775 0.0 0.0 0 1 0 0 0 0 0 0 0 0 0 0 0 0 0.0 0.0 0 1 2571441 36769 
searchengineland.com_google-adwords-in-market-audiences-search-campaigns-275611 11.9922409999999 2.13306700000248 2.16302999999971 0.46399300000121 9.82921100000021 1.66907400000127 0.0 0.961040999998663 11.9922409999999 1.1720260000038198 0.0 0.0 0 1 0 0 0 0 0 0 0 0 0 0 0 0 0.0 0.0 0 1 2704851 576253 
searchengineland.com_google-adwords-keyword-bidding-interface-change-274949 13.6769779999995 4.02916800000003 12.3939490000012 0.485719999999674 1.28302899999835 3.54344800000035 0.648338000002728 0.671275999999128 10.3519659999947 3.3578920000009003 2.6766740000021 0.0 2 1 1 0 0 0 0 0 1 0 0 0 2 0 2.6766740000021 0.0 3 2 4963358 746675 
searchengineland.com_google-adwords-quality-score-reporting-improvements-275010 18.5787060000002 3.34398999999939 9.57787100000132 0.571342999999615 9.00083499999892 2.77264699999978 0.0 2.3059200000007 18.5787060000002 1.0380699999987 0.0 0.0 0 1 0 0 0 0 0 0 0 0 0 0 0 0 0.0 0.0 0 1 5697600 747155 
searchengineland.com_google-adwords-store-visits-distance-location-reports-263878 13.9559730000001 1.21873199999936 11.7808580000001 0.516139999999723 2.1751150000000097 0.7025919999996401 0.0 1.16054199999963 13.9559730000001 0.0581899999997381 0.0 0.0 0 2 0 1 0 0 0 0 0 0 0 0 0 0 0.0 0.0 0 2 4931399 501399 
searchengineland.com_google-amp-results-google-news-doubles-268346 12.599577 2.35406000000057 10.4415639999997 0.58322600000065 2.15801300000021 1.77083399999992 0.0 1.22989700000107 12.599577 1.1241629999995 0.0 0.0 0 1 0 0 0 0 0 0 0 0 0 0 0 0 0.0 0.0 0 1 3735909 632338 
searchengineland.com_google-analytics-unifying-user-ids-amp-non-amp-pages-275235 7.89868500000011 2.08458199999995 7.173315 0.45819900000015 0.725370000000112 1.62638299999981 0.0 0.8629649999998099 7.8986850000001105 1.22161700000015 0.0 0.0 0 1 0 0 0 0 0 0 0 0 0 0 0 0 0.0 0.0 0 1 5108906 534224 
searchengineland.com_google-assistant-guide-270312 13.9755399999995 8.76880199999869 10.5030860000006 0.418899999998757 3.47245399999883 8.349901999999929 0.0 7.593350000001 13.975539999999501 1.17545199999768 0.0 0.0 0 1 0 0 0 0 0 0 0 0 0 0 0 0 0.0 0.0 0 1 4858955 983879 
searchengineland.com_google-attribution-search-marketers-need-know-275751 13.3179479999999 1.95875299999898 9.61500900000101 0.448662000000695 3.7029389999988798 1.5100909999982801 0.0 0.0 13.3179479999999 1.95875299999898 0.0 0.0 0 0 0 0 0 0 0 0 0 0 0 0 0 0 0.0 0.0 0 0 6059610 320451 
searchengineland.com_google-confirms-rolling-new-reviews-format-hotels-275754 13.5007289999994 3.43827400000009 9.82746699999916 0.783576000001631 3.67326200000025 2.65469799999846 0.0 0.0 13.5007289999994 3.43827400000009 0.0 0.0 0 0 0 0 0 0 0 0 0 0 0 0 0 0 0.0 0.0 0 0 3543373 519094 
searchengineland.com_google-exact-match-close-variants-word-order-function-words-271395 12.9489099999992 2.12250199999835 10.9376400000001 0.515597999998135 2.01126999999906 1.6069040000002102 0.0 1.06016699999964 12.9489099999992 1.06233499999871 0.0 0.0 0 1 0 0 0 0 0 0 0 0 0 0 0 0 0.0 0.0 0 1 6198000 531003 
searchengineland.com_google-expands-fact-checking-272698 8.09493400000019 2.79845399999977 1.79532100000006 0.422073000001546 6.29961300000014 2.37638099999822 0.0 1.6882340000011 8.09493400000019 1.11021999999867 0.0 0.0 0 1 0 0 0 0 0 0 0 0 0 0 0 0 0.0 0.0 0 1 3790545 662325 
searchengineland.com_google-home-beauty-beast-promo-271406 10.8285749999995 6.83938000000126 7.8402210000022 0.48861399999987 2.98835399999734 6.35076600000139 6.80026500000167 0.8330669999995659 3.32075599999734 6.00631300000169 0.707554000000531 0.0 2 1 1 0 0 0 1 0 1 0 0 0 1 0 0.707554000000531 0.0 1 2 2637758 983568 
searchengineland.com_google-home-can-now-support-distinguish-six-separate-users-273497 13.8671490000015 2.56672799999978 11.9033650000001 0.465110999999524 1.9637840000014 2.10161700000026 0.0 1.37940700000036 13.8671490000015 1.1873209999994299 0.0 0.0 0 1 0 0 0 0 0 0 0 0 0 0 0 0 0.0 0.0 0 1 4642780 655026 
searchengineland.com_google-introduces-candidate-cards-for-presidential-election-season-241026 7.75430700000106 2.51627999999982 6.72366300000067 0.590734999999768 1.03064400000039 1.92554500000006 0.0 1.41407600000093 7.75430700000106 1.10220399999889 0.0 0.0 0 1 0 0 0 0 0 0 0 0 0 0 0 0 0.0 0.0 0 1 2933653 597489 
searchengineland.com_google-makes-easier-see-share-publishers-real-urls-amp-pages-268699 13.1740649999992 3.11295799999971 10.8345679999984 0.5451350000003 2.33949700000085 2.56782299999941 0.0 1.88158500000009 13.1740649999992 1.2313729999996201 0.0 0.0 0 1 0 0 0 0 0 0 0 0 0 0 0 0 0.0 0.0 0 1 5164757 497199 
searchengineland.com_google-merchant-center-multiple-account-login-273139 14.0058369999997 2.2804900000001 9.90925500000003 0.575569999999971 4.09658199999967 1.7049200000001299 0.0 1.29680500000086 14.0058369999997 0.9836849999992441 0.0 0.0 0 1 0 0 0 0 0 0 0 0 0 0 0 0 0.0 0.0 0 1 5841936 552915 
searchengineland.com_google-news-spammed-drug-spam-dating-sites-276832 12.5396640000017 3.01341800000046 9.61578200000076 0.518758000000162 2.92388200000096 2.49466000000029 0.0 1.82831299999998 12.5396640000017 1.18510500000047 0.0 0.0 0 1 0 0 0 0 0 0 0 0 0 0 0 0 0.0 0.0 0 1 3689395 697114 
searchengineland.com_google-now-removing-medical-records-search-results-277739 13.1618689999996 2.56320799999958 9.49693400000251 0.562583000002633 3.66493499999706 2.00062499999694 0.0 1.36711500000092 13.1618689999996 1.19609299999866 0.0 0.0 0 1 0 0 0 0 0 0 0 0 0 0 0 0 0.0 0.0 0 1 2435657 556906 
searchengineland.com_google-optimize-surveys-adwords-integrations-275671 13.5479770000002 6.6589129999993 10.2641290000001 0.617774999998801 3.28384800000003 6.0411380000005 0.0 0.0 13.5479770000002 6.6589129999993 0.0 0.0 0 0 0 0 0 0 0 0 0 0 0 0 0 0 0.0 0.0 0 0 3841675 1115556 
searchengineland.com_google-posts-expands-271770 16.2584669999997 4.17000000000007 8.32460400000127 0.511344999999892 7.93386299999838 3.65865500000018 5.00763699999881 2.95392700000048 11.2508300000008 1.2160729999995998 0.0 0.0 3 1 2 0 0 0 0 0 0 0 0 0 0 0 0.0 0.0 4 1 5250575 1113723 
searchengineland.com_google-posts-small-businesses-moves-google-business-276764 7.7378269999972 6.24980900000082 5.53742799999964 0.397209999999177 2.20039899999756 5.85259900000165 1.4220249999962 1.63830600000074 6.315802000001 4.61150300000008 0.0 0.0 3 1 2 0 0 0 0 0 0 0 0 0 3 0 0.0 0.0 4 2 2608085 655082 
searchengineland.com_google-publishes-best-practices-search-engine-friendly-progressive-web-apps-pwas-262871 11.7996469999998 2.23323699999992 9.70209199999999 0.611047999999755 2.09755499999983 1.62218900000016 0.0 1.1349110000001101 11.799646999999801 1.0983259999998098 0.0 0.0 0 1 0 0 0 0 0 0 0 0 0 0 0 0 0.0 0.0 0 1 4641556 582495 
searchengineland.com_google-rolls-new-event-search-feature-app-mobile-web-274857 9.5643970000001 2.27939300000071 8.01769299999978 0.492559000002075 1.54670400000032 1.7868339999986298 0.0 1.06805000000168 9.5643970000001 1.2113429999990302 0.0 0.0 0 1 0 0 0 0 0 0 0 0 0 0 0 0 0.0 0.0 0 1 5457136 1067549 
searchengineland.com_google-search-app-ios-gains-gboard-trending-widget-3d-touch-272101 12.796534000001 2.35143800000151 10.6378080000013 0.490510999999969 2.15872599999966 1.8609270000015399 0.0 0.998789000001125 12.796534000001 1.3526490000003801 0.0 0.0 0 1 0 0 0 0 0 0 0 0 0 0 0 0 0.0 0.0 0 1 4665800 1189460 
searchengineland.com_google-search-console-warns-nonsecure-collection-passwords-upcoming-chrome-browser-release-266486 13.0254199999981 2.05723499999658 9.50093999999808 0.546218999999837 3.52448000000004 1.51101599999674 0.0 1.02107999999862 13.0254199999981 1.03615499999796 0.0 0.0 0 1 0 0 0 0 0 0 0 0 0 0 0 0 0.0 0.0 0 1 6149304 510045 
searchengineland.com_google-search-partner-network-friend-foe-241291 11.7734329999985 2.12690000000021 9.36042799999996 0.463880999999674 2.41300499999852 1.66301900000053 0.0 0.86845300000005 11.7734329999985 1.25844700000016 0.0 0.0 0 1 0 0 0 0 0 0 0 0 0 0 0 0 0.0 0.0 0 1 6039758 447389 
searchengineland.com_google-shopping-ads-display-pilot-274251 13.4651139999987 2.17280699999901 9.29121399999713 0.456753999998909 4.1739000000015904 1.7160530000001 0.137470999998199 0.9121670000022211 13.327643000000501 1.26063999999679 0.0 0.0 1 1 0 0 0 0 0 0 0 0 0 0 0 0 0.0 0.0 1 1 5857266 546520 
searchengineland.com_google-shopping-ads-retailer-outlet-used-items-263725 8.80918499999916 3.06947000000036 7.39217399999961 0.476160000000164 1.41701099999955 2.5933100000002 0.0 1.7794410000001302 8.80918499999916 1.2900290000002301 0.0 0.0 0 1 0 0 0 0 0 0 0 0 0 0 0 0 0.0 0.0 0 1 5783756 688053 
searchengineland.com_google-shopping-ads-so-hot-right-now-the-meteoric-rise-of-plas-248055 18.213330999999 2.13877599999978 7.22590599999967 0.467522999999346 10.9874249999993 1.67125300000043 0.488872999998403 1.04866699999912 16.3242570000002 1.09010900000066 1.40020100000038 0.0 2 1 1 0 0 0 0 0 1 0 0 0 0 0 1.40020100000038 0.0 4 1 5495835 553542 
searchengineland.com_google-starts-giving-ranking-boost-secure-httpsssl-sites-199446 12.8607680000005 1.94612599999891 10.0972289999991 0.480693999998039 2.7635390000014 1.46543200000087 1.1536579999974599 0.825362999999932 10.9605050000046 1.1207629999989799 0.746604999998454 0.0 3 1 1 0 0 0 1 0 0 0 0 0 0 0 0.746604999998454 0.0 4 1 5699657 516277 
searchengineland.com_google-tests-highlights-icons-local-knowledge-panels-275183 9.47199999999793 2.79250799999954 8.12985499999922 0.45397899999989 1.34214499999871 2.33852899999965 0.0 1.74645799999962 9.47199999999793 1.04604999999992 0.0 0.0 0 1 0 0 0 0 0 0 0 0 0 0 0 0 0.0 0.0 0 1 5493136 650141 
searchengineland.com_googles-one-true-answer-problem-featured-snippets-270549 11.2775609999999 2.40827600000193 9.91439999999966 0.581545000000915 1.36316100000022 1.82673100000102 2.3961739999995304 0.0 8.78539900000031 2.40827600000193 0.0959880000000398 0.0 1 0 1 0 0 0 0 0 0 0 0 0 0 0 0.0959880000000398 0.0 2 0 2787256 533659 
searchengineland.com_googles-project-owl-attack-fake-news-273700 14.9514530000015 3.02005400000053 11.5147980000002 0.537642999999662 3.43665500000134 2.48241100000087 0.0 1.78964199999609 14.9514530000015 1.23041200000444 0.0 0.0 0 1 0 0 0 0 0 0 0 0 0 0 0 0 0.0 0.0 0 1 3744986 662631 
searchengineland.com_googles-recent-rlsa-updates-mean-advertisers-260417 12.5374299999985 2.83971499999825 9.68447399999968 1.00008399999933 2.85295599999881 1.83963099999892 0.0 0.919028000000253 12.5374299999985 1.9206869999979999 0.0 0.0 0 1 0 0 0 0 0 0 0 0 0 0 0 0 0.0 0.0 0 1 6032556 42624 
searchengineland.com_googles-shaky-pitch-advertisers-let-dsas-handle-queries-264243 9.01285300000018 3.35933400000067 7.58372299999974 0.515891000002739 1.42913000000044 2.8434429999979303 0.0 2.2872710000047 9.01285300000018 1.0720629999959799 0.0 0.0 0 1 0 0 0 0 0 0 0 0 0 0 0 0 0.0 0.0 0 1 3557190 550084 
searchengineland.com_help-wanted-hiring-associate-features-editor-213952 8.27137199999925 2.14822499999718 6.70372100000168 0.410947999997006 1.5676509999975698 1.7372770000001798 0.756163000001837 0.66672699999981 6.15340899999864 1.48149799999737 1.36179999999877 0.0 1 1 0 0 0 0 0 0 0 0 0 0 1 0 1.36179999999877 0.0 3 1 2899236 52768 
searchengineland.com_hotel-ads-price-trends-275390 14.6386860000021 4.47698200000013 11.5285510000031 0.61157699999967 3.1101349999989902 3.86540500000046 1.50598800000077 0.586320000000342 13.132698000001302 3.8906619999997902 0.0 0.0 2 1 1 0 0 0 0 0 0 0 0 0 0 0 0.0 0.0 2 2 5543485 910141 
searchengineland.com_important-question-ask-local-seo-251702 13.0733959999998 2.98792199999843 11.1404770000008 0.543303999998898 1.93291899999895 2.44461799999954 0.0 1.85744299999896 13.0733959999998 1.13047899999947 0.0 0.0 0 1 0 0 0 0 0 0 0 0 0 0 0 0 0.0 0.0 0 1 2501063 733912 
searchengineland.com_just-launched-search-engine-lands-new-martech-today-website-261253 13.5235589999975 3.08793300000252 7.47243899999739 0.487076000001252 6.05112000000008 2.60085700000127 0.0 0.604147999998524 13.5235589999975 2.4837850000039996 0.0 0.0 0 1 0 0 0 0 0 0 0 0 0 0 0 0 0.0 0.0 0 1 4192314 114712 
searchengineland.com_key-local-seo-253785 14.3526899999997 2.81425300000046 10.9665850000001 0.472497999999177 3.38610499999959 2.3417550000012897 0.0 0.0 14.3526899999997 2.81425300000046 0.0 0.0 0 0 0 0 0 0 0 0 0 0 0 0 0 0 0.0 0.0 0 0 6105322 637381 
searchengineland.com_kpis-seo-measuring-seo-success-254773 8.82020900000134 2.51179899999988 7.29880799999955 0.449233999999706 1.52140100000179 2.06256500000018 0.0 1.28241200000048 8.82020900000134 1.2293869999994098 0.0 0.0 0 1 0 0 0 0 0 0 0 0 0 0 0 0 0.0 0.0 0 1 5673195 553382 
searchengineland.com_learn-basics-programmatic-advertising-2-275356 6.88938400000006 2.85982100000001 4.02718400000049 0.52618799999982 2.86219999999958 2.33363300000019 0.0 0.0 6.88938400000006 2.85982100000001 0.0 0.0 0 0 0 0 0 0 0 0 0 0 0 0 0 0 0.0 0.0 0 0 4934924 568584 
searchengineland.com_learn-three-proven-methods-winning-additional-ppc-budget-clients-276130 13.4865209999989 2.07139000000097 9.80163999999786 0.387053000002197 3.68488100000104 1.6843369999987798 0.0 0.971710000001614 13.4865209999989 1.09967999999936 0.0 0.0 0 1 0 0 0 0 0 0 0 0 0 0 0 0 0.0 0.0 0 1 6118134 543031 
searchengineland.com_liveramp-adds-people-based-search-targeting-identitylink-276554 9.34191700000065 2.45646900000065 8.21050000000014 0.49786099999983 1.13141700000051 1.9586080000008201 0.0 1.2040359999991699 9.34191700000065 1.25243300000148 0.0 0.0 0 1 0 0 0 0 0 0 0 0 0 0 0 0 0.0 0.0 0 1 5006235 542449 
searchengineland.com_local-seo-beyond-the-browser-244797 16.0613990000002 2.37859499999922 12.2382240000006 0.819360999999844 3.82317499999954 1.55923399999938 0.0 1.26303999999981 16.0613990000002 1.11555499999941 0.0 0.0 0 1 0 0 0 0 0 0 0 0 0 0 0 0 0.0 0.0 0 1 3365593 542429 
searchengineland.com_local-seo-ranking-2016-beyond-251404 10.0438329999997 3.1140000000014 7.81144200000017 0.479361000001518 2.23239099999955 2.63463899999988 0.0 0.0 10.043832999999701 3.1140000000014 0.0 0.0 0 0 0 0 0 0 0 0 0 0 0 0 0 0 0.0 0.0 0 0 5607292 636380 
searchengineland.com_local-seo-wordpress-websites-240565 12.3936549999999 2.74014999999963 6.96733099999983 0.766091999999844 5.42632400000002 1.9740579999997898 0.0 1.58519700000033 12.393654999999901 1.1549529999992998 0.0 0.0 0 1 0 0 0 0 0 0 0 0 0 0 0 0 0.0 0.0 0 1 487304 564896 
searchengineland.com_looking-for-black-friday-deals-bing-flyer-ads-retailer-circulars-263997 12.718895 2.50075399999696 10.1852589999999 0.523954000000231 2.53363600000012 1.97679999999673 0.0 1.40249599999879 12.718895 1.0982579999981699 0.0 0.0 0 1 0 0 0 0 0 0 0 0 0 0 0 0 0.0 0.0 0 1 4187147 578860 
searchengineland.com_mad-scientist-successful-local-seo-273241 9.17126400000006 2.87537100000009 7.23739100000012 0.435973000000558 1.93387299999995 2.43939799999953 1.12888900000007 0.0 8.04237499999999 2.87537100000009 0.0 0.0 2 0 0 0 0 0 0 0 0 0 0 0 0 0 0.0 0.0 2 0 2677879 698009 
searchengineland.com_microsoft-expands-bing-rewards-loyalty-program-uk-276132 14.1337479999993 2.19851000000017 10.287859 0.538823999999295 3.84588899999926 1.6596860000008702 0.0 1.0402299999987 14.133747999999299 1.15828000000147 0.0 0.0 0 1 0 0 0 0 0 0 0 0 0 0 0 0 0.0 0.0 0 1 5245599 525167 
searchengineland.com_need-get-google-business-support-use-twitter-270041 9.48579400000017 2.91306599999916 8.25490100000025 0.533964000000196 1.23089299999992 2.3791019999989698 0.0 0.0 9.48579400000017 2.91306599999916 0.0 0.0 0 0 0 0 0 0 0 0 0 0 0 0 0 0 0.0 0.0 0 0 3802102 656648 
searchengineland.com_need-help-explaining-local-search-use-pizza-227448 8.23657400000047 2.14468200000192 7.9837379999999 0.476295000000391 0.25283600000057 1.66838700000153 0.0 0.919494999998276 8.23657400000047 1.22518700000365 0.0 0.0 0 1 0 0 0 0 0 0 0 0 0 0 0 0 0.0 0.0 0 1 5242268 547825 
searchengineland.com_new-rlsa-strategies-search-marketers-2-275675 13.8131490000014 2.52364300000045 9.75515499999892 0.509571000000506 4.05799400000251 2.01407199999994 0.0 1.3714970000000901 13.8131490000014 1.1521460000003598 0.0 0.0 0 1 0 0 0 0 0 0 0 0 0 0 0 0 0.0 0.0 0 1 5266030 586162 
searchengineland.com_no-ok-google-cortana-update-can-make-default-assistant-android-277325 13.0121530000033 2.42674400000033 9.27163199999995 0.506500999999844 3.74052100000335 1.92024300000048 0.0 1.29350299999714 13.0121530000033 1.13324100000319 0.0 0.0 0 1 0 0 0 0 0 0 0 0 0 0 0 0 0.0 0.0 0 1 4261969 548829 
searchengineland.com_nominations-wanted-list-whos-naughty-nice-264696 13.1364919999978 3.52134000000024 9.59460699999909 0.502864999999474 3.54188499999873 3.01847500000076 0.0 2.40515199999937 13.1364919999978 1.11618800000087 0.0 0.0 0 1 0 0 0 0 0 0 0 0 0 0 0 0 0.0 0.0 0 1 6247029 734221 
searchengineland.com_now-can-schedule-offline-conversion-imports-adwords-275307 13.5671909999983 2.18325900000127 9.76297299999715 0.50123800000074 3.80421800000113 1.68202100000053 0.0 0.0 13.5671909999983 2.18325900000127 0.0 0.0 0 0 0 0 0 0 0 0 0 0 0 0 0 0 0.0 0.0 0 0 6009718 517177 
searchengineland.com_optimize-content-seos-writers-274956 9.9711299999999 2.36330099999941 8.08670000000029 0.814464999999473 1.88442999999961 1.54883599999994 0.0 1.35335999999915 9.9711299999999 1.00994100000026 0.0 0.0 0 1 0 0 0 0 0 0 0 0 0 0 0 0 0.0 0.0 0 1 4156560 568234 
searchengineland.com_organic-food-thought-top-things-seo-columns-2015-237859 9.14237499999945 2.2020420000008 8.41399099999944 0.594053000000713 0.728384000000005 1.60798900000009 0.0 1.04592200000116 9.14237499999945 1.1561199999996399 0.0 0.0 0 1 0 0 0 0 0 0 0 0 0 0 0 0 0.0 0.0 0 1 4712837 291770 
searchengineland.com_organic-traffic-link-building-small-businesses-269353 14.5254600000007 2.39590200000021 12.9650529999999 0.542273999999452 1.56040700000085 1.8536280000007501 0.0 1.30234399999972 14.525460000000699 1.09355800000049 0.0 0.0 0 1 0 0 0 0 0 0 0 0 0 0 0 0 0.0 0.0 0 1 6299496 562422 
searchengineland.com_oskar-fischinger-google-doodle-honoring-filmmaker-visual-artist-doubles-musical-instrument-277649 7.64896700000099 3.2106440000025 5.56827700000213 0.878827000000456 2.08068999999887 2.33181700000205 0.0 2.07440100000167 7.64896700000099 1.1362430000008301 0.0 0.0 0 1 0 0 0 0 0 0 0 0 0 0 0 0 0.0 0.0 0 1 1258207 137124 
searchengineland.com_paid-search-kpi-says-273702 13.3115680000001 2.95972999999867 2.15382899999986 0.524051999997027 11.1577390000002 2.4356780000016403 0.0 1.75678699999844 13.311568000000099 1.2029430000002301 0.0 0.0 0 1 0 0 0 0 0 0 0 0 0 0 0 0 0.0 0.0 0 1 4923766 655502 
searchengineland.com_participate-in-our-audience-survey-enter-to-win-a-50-amazon-gift-card-230299 13.2004280000001 3.62355700000262 9.42692999999963 0.467771999999968 3.77349800000047 3.15578500000265 0.0 2.57666099999915 13.2004280000001 1.04689600000347 0.0 0.0 0 1 0 0 0 0 0 0 0 0 0 0 0 0 0.0 0.0 0 1 4417786 1101062 
searchengineland.com_perfect-local-seo-landing-page-infographic-251604 9.6291710000005 2.94492900000114 7.39405400000032 0.539429000000382 2.23511700000017 2.40550000000076 0.0 1.82722199999625 9.6291710000005 1.11770700000489 0.0 0.0 0 1 0 0 0 0 0 0 0 0 0 0 0 0 0.0 0.0 0 1 4541447 714453 
searchengineland.com_perfect-structure-managing-profitable-shopping-ads-276168 10.4823350000006 7.06771299999991 7.93976000000112 0.495038000000022 2.54257499999949 6.57267499999989 0.0 0.0 10.4823350000006 7.06771299999991 0.0 0.0 0 0 0 0 0 0 0 0 0 0 0 0 0 0 0.0 0.0 0 0 6442435 1519911 
searchengineland.com_ppc-data-new-vs-existing-customers-sheds-light-user-behavior-optimization-opportunities-243412 12.7085139999999 2.0724909999999 5.33436900000015 0.561282000000119 7.37414499999977 1.51120899999978 0.0 0.956627999999459 12.7085139999999 1.11586300000044 0.0 0.0 0 1 0 0 0 0 0 0 0 0 0 0 0 0 0.0 0.0 0 1 3768496 539174 
searchengineland.com_ppc-paydirt-check-top-paid-search-columns-2015-237929 13.9315579999984 1.85474199999953 10.3851930000001 0.41577099999995 3.54636499999833 1.4389709999995801 0.8194279999989049 0.872236999999591 13.112129999999501 0.982504999999942 0.0 0.0 2 1 0 0 0 0 0 0 0 0 0 0 2 0 0.0 0.0 2 1 3138363 534591 
searchengineland.com_ppc-strategy-planning-beyond-click-276678 9.3683889999993 2.0587259999993 7.0829539999977 0.453027999999904 2.2854350000016 1.6056979999993901 0.0 1.02470999999787 9.3683889999993 1.03401600000143 0.0 0.0 0 1 0 0 0 0 0 0 0 0 0 0 0 0 0.0 0.0 0 1 2690656 548769 
searchengineland.com_printing-way-seo-success-248035 13.5586619999995 2.81660399999964 9.83284999999887 0.681173999997554 3.72581200000059 2.13543000000209 0.0 1.56406799999604 13.5586619999995 1.2525360000036 0.0 0.0 0 1 0 0 0 0 0 0 0 0 0 0 0 0 0.0 0.0 0 1 2408193 570413 
searchengineland.com_pull-live-inventory-data-product-database-place-search-ad-copy-261479 13.7810849999987 2.20241299999907 10.2322910000003 0.478911999998672 3.54879399999845 1.7235010000003999 0.0 1.08484300000054 13.7810849999987 1.11756999999853 0.0 0.0 0 1 0 0 0 0 0 0 0 0 0 0 0 0 0.0 0.0 0 1 4201189 540335 
searchengineland.com_ready-black-friday-2016-3-critical-e-commerce-seo-configurations-avoid-common-issues-262040 10.163364 3.2334320000009 8.69689599999765 0.5253100000009 1.46646800000235 2.708122 0.0 1.98403099999996 10.163364 1.2494010000009501 0.0 0.0 0 1 0 0 0 0 0 0 0 0 0 0 0 0 0.0 0.0 0 1 2232280 724557 
searchengineland.com_report-google-planning-bring-assistant-iphone-275115 9.49874799999816 2.90531599999667 8.10095000000001 0.438013999999384 1.39779799999815 2.46730199999729 0.0 1.7831570000016699 9.49874799999816 1.122158999995 0.0 0.0 0 1 0 0 0 0 0 0 0 0 0 0 0 0 0.0 0.0 0 1 5250035 602849 
searchengineland.com_reviews-ugc-much-influential-consumers-ads-study-277507 11.8374729999996 2.46668200000204 9.68651300000056 0.623938000000635 2.15095999999903 1.8427440000014002 0.0 1.2743070000033199 11.8374729999996 1.19237499999872 0.0 0.0 0 1 0 0 0 0 0 0 0 0 0 0 0 0 0.0 0.0 0 1 6150598 563946 
searchengineland.com_rip-dmoz-open-directory-project-closing-270291 8.20527500000026 7.0846789999996 7.41433899999993 0.611323000000084 0.790936000000329 6.47335599999951 0.0 0.0 8.20527500000026 7.0846789999996 0.0 0.0 0 0 0 0 0 0 0 0 0 0 0 0 0 0 0.0 0.0 0 0 4891357 1181498 
searchengineland.com_search-engine-land-seo-survey-220851 13.1247629999998 2.94184300000052 10.9774880000004 0.615380999999616 2.14727499999935 2.3264620000009 0.0 1.9059690000031 13.1247629999998 1.03587399999742 0.0 0.0 0 1 0 0 0 0 0 0 0 0 0 0 0 0 0.0 0.0 0 1 5984724 701570 
searchengineland.com_search-engine-lands-engaging-stories-2016-whole-lotta-google-266825 11.0535899999995 3.23068899999998 8.92512400000123 0.722552999999607 2.1284659999983 2.50813600000038 0.0 0.0 11.0535899999995 3.23068899999998 0.0 0.0 0 0 0 0 0 0 0 0 0 0 0 0 0 0 0.0 0.0 0 0 5157290 582898 
searchengineland.com_search-pics-google-bathtub-table-bing-lunchbox-youtube-stairs-277753 13.4737190000014 3.05822099999932 9.87459700000181 0.563702999999805 3.5991219999996202 2.4945179999995197 0.0 1.95960799999738 13.473719000001399 1.09861300000194 0.0 0.0 0 1 0 0 0 0 0 0 0 0 0 0 0 0 0.0 0.0 0 1 1800324 884440 
searchengineland.com_searchcap-bing-ads-editor-update-bing-ads-voice-metrics-danny-sullivan-changes-277872 13.8242639999989 1.85599600000205 13.0261679999967 0.407617000000755 0.798096000002261 1.4483790000013 0.349175999999716 0.6788530000012609 13.4750879999992 1.1771430000007899 0.0 0.0 1 1 0 0 0 0 0 0 0 0 0 0 0 0 0.0 0.0 1 1 4860042 521960 
searchengineland.com_searchcap-google-featured-snippets-yext-app-directory-seo-277048 14.5364629999967 1.96851200000128 10.9477989999978 0.64767700000084 3.5886639999989702 1.32083500000044 0.0 0.559852000000319 14.5364629999967 1.4086600000009601 0.0 0.0 0 1 0 0 0 0 0 0 0 0 0 0 0 0 0.0 0.0 0 1 4911288 43920 
searchengineland.com_searchcap-google-io-news-google-buy-button-program-todays-google-doodle-275270 13.656551 2.00043200000073 9.66649400000097 0.607335000000603 3.99005699999907 1.3930970000001301 0.0 0.913343000003811 13.656551 1.08708899999692 0.0 0.0 0 1 0 0 0 0 0 0 0 0 0 0 0 0 0.0 0.0 0 1 2861409 525716 
searchengineland.com_searchcap-google-job-schema-google-mobile-first-seo-movie-277502 14.3296430000009 2.16861400000016 10.538235 0.626758999998856 3.79140800000096 1.5418550000013098 0.0 1.26228600000104 14.3296430000009 0.906327999999123 0.0 0.0 0 1 0 1 0 0 0 0 0 0 0 0 0 0 0.0 0.0 0 2 6018946 200782 
searchengineland.com_searchcap-google-mobile-index-bing-ads-market-targeting-pinterest-search-277107 13.5284240000001 2.6615610000008 9.51026699999784 0.552053999999771 4.01815700000225 2.10950700000103 0.0 0.807205000000974 13.528424000000099 1.85435599999983 0.0 0.0 0 1 0 0 0 0 0 0 0 0 0 0 0 0 0.0 0.0 0 1 6081152 522740 
searchengineland.com_searchcap-google-redesign-local-panels-adwords-roadmap-artificial-intelligence-276552 13.6223009999994 2.46210900000005 10.6479319999999 0.888812999999573 2.97436899999957 1.57329600000048 0.5063730000002 1.1913190000013798 13.1159279999992 1.27078999999867 0.0 0.0 1 1 0 0 0 0 0 0 0 0 0 0 0 0 0.0 0.0 1 1 4898350 522933 
searchengineland.com_searchcap-offline-conversion-imports-adwords-google-business-updates-275341 14.098539999999 1.87698699999964 10.4479499999998 0.456764999998995 3.65058999999928 1.42022200000065 0.0 0.685965999997277 14.098539999999 1.1910210000023702 0.0 0.0 0 1 0 0 0 0 0 0 0 0 0 0 0 0 0.0 0.0 0 1 1390633 49405 
searchengineland.com_searchcap-pinterst-lens-seo-budgets-reviews-user-behavior-277596 13.6035520000005 1.97475799999847 11.731917000001 0.528228999999556 1.87163499999951 1.44652899999892 0.0 0.818677999999637 13.6035520000005 1.15607999999884 0.0 0.0 0 1 0 0 0 0 0 0 0 0 0 0 0 0 0.0 0.0 0 1 5515807 270796 
searchengineland.com_searchcap-siri-disappointment-link-referrers-liveramp-identitylink-276633 8.56848499999978 2.20911400000114 7.14069000000018 0.585965000002034 1.4277949999996098 1.6231489999991 1.22817199999917 0.88782900000297 6.4929310000007 1.32128499999817 0.847381999999915 0.0 4 1 2 0 0 0 2 0 1 0 0 0 1 0 0.847381999999915 0.0 5 1 5140019 513277 
searchengineland.com_searchcap-wordpress-amp-google-fake-reviews-issue-277178 8.76660199999969 2.20412100000067 7.95656900000176 0.563659000000371 0.810032999997929 1.6404620000002998 0.0 1.05346499999996 8.76660199999969 1.15065600000071 0.0 0.0 0 1 0 0 0 0 0 0 0 0 0 0 0 0 0.0 0.0 0 1 5129473 332191 
searchengineland.com_secret-writing-awesome-local-content-255234 14.0923860000003 3.072936999999 10.5515720000003 0.551708999999391 3.54081399999995 2.52122799999961 0.5267529999982921 2.07812600000034 12.6133030000019 0.9948109999986621 0.9523300000000781 0.0 3 1 1 0 0 0 0 0 1 0 0 0 0 0 0.9523300000000781 0.0 3 1 4633249 787571 
searchengineland.com_see-attends-martech-273260 8.11210600000004 2.65857200000028 6.54108999999971 0.557389999998122 1.57101600000033 2.10118200000215 0.636551999999484 0.0 5.01787899999999 2.6585720000002797 2.45767500000057 0.0 3 0 2 0 0 0 0 0 2 0 0 0 1 0 2.45767500000057 0.0 4 0 5244439 622265 
searchengineland.com_seo-2017-mobile-optimisation-competitive-advantage-265760 8.69223499999862 2.23015599999781 5.90141700000095 0.468345999997837 2.79081799999767 1.76180999999997 0.66569299999901 1.03917100000035 7.45430800000031 1.19098499999745 0.5722339999992999 0.0 1 1 0 0 0 0 0 0 0 0 0 0 2 0 0.5722339999992999 0.0 3 1 2870605 556257 
searchengineland.com_seo-advent-calendar-24-tips-seo-success-237121 14.3702060000001 7.84408700000131 11.0350149999999 0.497564000001148 3.33519100000012 7.34652300000016 2.7804329999999298 0.0 10.949976000000301 7.84408700000131 0.63979699999982 0.0 1 0 1 0 0 0 0 0 0 0 0 0 3 0 0.63979699999982 0.0 3 0 2423483 1210984 
searchengineland.com_seo-can-create-budget-efficiencies-paid-search-campaigns-277100 13.2362640000028 1.2349899999972 9.62529700000232 0.44694299999901 3.61096700000053 0.788046999998187 0.0 0.882957999998325 13.2362640000028 0.35203199999887197 0.0 0.0 0 2 0 1 0 0 0 0 0 0 0 0 0 0 0.0 0.0 0 2 4670792 505411 
searchengineland.com_seo-missing-piece-brand-protection-276652 13.2789420000008 2.53283100000044 10.6837430000014 0.589434999998048 2.59519899999941 1.9433960000023902 0.0 1.31832299999951 13.2789420000008 1.21450800000094 0.0 0.0 0 1 0 0 0 0 0 0 0 0 0 0 0 0 0.0 0.0 0 1 5971662 75930 
searchengineland.com_seo-right-business-257915 8.45962499999951 2.60128399999985 8.01922999999988 0.473743999999897 0.440394999999626 2.12753999999995 0.0 1.32578200000034 8.45962499999951 1.2755019999995099 0.0 0.0 0 1 0 0 0 0 0 0 0 0 0 0 0 0 0.0 0.0 0 1 4871873 555491 
searchengineland.com_seo-shops-12-tips-xmas-234353 9.1199630000001 4.1202689999991 7.65048500000012 0.640073999999004 1.46947799999998 3.4801950000000903 0.0 2.9208259999977497 9.1199630000001 1.1994430000013399 0.0 0.0 0 1 0 0 0 0 0 0 0 0 0 0 0 0 0.0 0.0 0 1 3120096 860442 
searchengineland.com_seo-vs-ppc-pros-cons-integrated-approach-274643 14.1172339999994 2.0688540000001 9.93007599999964 0.481768999999986 4.18715799999973 1.58708500000012 0.0 0.816412000000122 14.1172339999994 1.25244199999998 0.0 0.0 0 1 0 0 0 0 0 0 0 0 0 0 0 0 0.0 0.0 0 1 2590217 543129 
searchengineland.com_seo-website-design-everything-need-know-272899 10.1769470000008 2.61679300000105 8.40437300000031 0.661860000000161 1.7725740000005301 1.95493300000089 0.0 1.31132400000206 10.176947000000801 1.3054689999989901 0.0 0.0 0 1 0 0 0 0 0 0 0 0 0 0 0 0 0.0 0.0 0 1 4766735 594557 
searchengineland.com_simple-tips-get-app-indexed-ranked-installed-273388 14.9123 2.95440500000041 10.6025340000015 0.583526999998867 4.30976599999849 2.37087800000154 0.0 0.0 14.9123 2.95440500000041 0.0 0.0 0 0 0 0 0 0 0 0 0 0 0 0 0 0 0.0 0.0 0 0 6607168 593148 
searchengineland.com_small-business-seo-questions-answered-276500 14.1168130000005 2.15348900000026 10.1005150000001 0.439414000000397 4.01629800000046 1.71407499999987 0.0 0.7955550000006 14.1168130000005 1.35793399999966 0.0 0.0 0 1 0 0 0 0 0 0 0 0 0 0 0 0 0.0 0.0 0 1 5720386 537072 
searchengineland.com_smb-websites-matter-anymore-yp-doubles-yes-new-pro-seo-product-276727 9.17580100000032 3.25100600000223 7.24827600000026 0.487968000001274 1.9275250000000599 2.76303800000096 0.0 2.12449599999672 9.17580100000032 1.12651000000551 0.0 0.0 0 1 0 0 0 0 0 0 0 0 0 0 0 0 0.0 0.0 0 1 5236011 628069 
searchengineland.com_smx-advanced-almost-sold-less-100-tickets-left-276468 13.6067889999999 2.1407020000006 9.92658899999969 0.560412999999244 3.68020000000024 1.5802890000013599 0.0 0.47037900000214 13.606788999999901 1.6703229999984601 0.0 0.0 0 1 0 0 0 0 0 0 0 0 0 0 0 0 0.0 0.0 0 1 6339843 36976 
searchengineland.com_smx-west-just-days-away-reserve-seat-now-271166 7.83167700000013 2.88565100000051 6.36555700000008 0.579487999999401 1.4661200000000498 2.30616300000111 4.13353399999961 0.0 3.69814300000052 2.88565100000051 0.0 0.0 1 0 1 0 0 0 0 0 0 0 0 0 0 0 0.0 0.0 2 0 3222901 508933 
searchengineland.com_solve-mystery-customers-really-want-276259 10.237839999998 2.80729200000133 8.86164599999756 0.531241000000591 1.3761940000003998 2.27605100000073 2.15019799999572 1.7423810000000302 5.83511300000464 1.0649110000013 2.2525289999975997 0.0 2 1 2 0 0 0 0 0 1 0 0 0 1 0 2.2525289999975997 0.0 2 2 4933965 381357 
searchengineland.com_study-yelp-drives-higher-conversions-google-facebook-275517 16.321437999999 2.46874399999797 7.61693799999921 0.571435999998357 8.70449999999983 1.89730799999961 0.0 1.38862700000391 16.321437999999 1.08011699999406 0.0 0.0 0 1 0 0 0 0 0 0 0 0 0 0 0 0 0.0 0.0 0 1 5461187 608216 
searchengineland.com_survey-43-percent-marketers-say-75-percent-content-not-consumed-277626 9.26228600000104 2.24249000000054 8.22096800000145 0.491588000000775 1.04131799999959 1.75090199999977 0.0 1.0916610000021998 9.26228600000104 1.1508289999983399 0.0 0.0 0 1 0 0 0 0 0 0 0 0 0 0 0 0 0.0 0.0 0 1 5311398 314702 
searchengineland.com_susan-la-flesche-picotte-google-doodle-pays-homage-1st-american-indian-earn-medical-degree-277263 14.1443429999999 2.12555500000053 10.4453250000006 0.600287000000208 3.6990179999993402 1.52526800000032 0.0 1.02080999999999 14.144342999999902 1.1047450000005399 0.0 0.0 0 1 0 0 0 0 0 0 0 0 0 0 0 0 0.0 0.0 0 1 3393914 536361 
searchengineland.com_take-deep-dive-search-social-attend-workshop-smx-advanced-273835 13.3915940000006 2.96201599999767 9.53923199999917 0.538368999998056 3.85236200000145 2.42364699999962 0.0 0.0 13.3915940000006 2.96201599999767 0.0 0.0 0 0 0 0 0 0 0 0 0 0 0 0 0 0 0.0 0.0 0 0 5644628 635463 
searchengineland.com_the-4-cs-a-recipe-for-precise-remarketing-campaigns-244386 9.59040499999901 2.25498800000059 8.83727499999804 0.65102399999887 0.753130000000965 1.6039640000017201 0.0 1.0935120000031 9.59040499999901 1.16147599999749 0.0 0.0 0 1 0 0 0 0 0 0 0 0 0 0 0 0 0.0 0.0 0 1 2940876 149245 
searchengineland.com_three-important-data-segmentations-google-paid-search-analysis-253761 13.1584750000002 2.825713000002 10.8102729999991 0.643457999998645 2.3482020000010397 2.18225500000335 0.0 0.0 13.1584750000002 2.825713000002 0.0 0.0 0 0 0 0 0 0 0 0 0 0 0 0 0 0 0.0 0.0 0 0 4690045 681586 
searchengineland.com_three-well-meaning-paid-search-optimizations-might-kill-performance-266550 15.0406330000005 3.1618669999998 13.3785869999992 0.523934999999256 1.66204600000128 2.63793200000055 0.0 2.0420609999992 15.0406330000005 1.1198060000006 0.0 0.0 0 1 0 0 0 0 0 0 0 0 0 0 0 0 0.0 0.0 0 1 5625472 565621 
searchengineland.com_time-consider-local-marketing-automation-software-275283 13.0287450000005 2.70061999999962 12.0547020000004 0.521627000001899 0.974043000000165 2.17899299999772 0.0 1.4209019999980201 13.0287450000005 1.2797180000016002 0.0 0.0 0 1 0 0 0 0 0 0 0 0 0 0 0 0 0.0 0.0 0 1 6206924 546737 
searchengineland.com_tis-season-6-ways-prepare-holiday-season-262623 13.6336040000024 2.80354299999999 9.33709400000225 0.500615000000835 4.29651000000013 2.30292799999916 0.0 1.70309899999847 13.6336040000024 1.1004440000015199 0.0 0.0 0 1 0 0 0 0 0 0 0 0 0 0 0 0 0.0 0.0 0 1 5921299 619982 
searchengineland.com_top-10-agency-considerations-marketing-automation-275832 9.80633999999918 2.73266299999887 2.29910100000052 0.501247999998668 7.50723899999866 2.2314150000002 0.695105000002519 0.0 9.11123499999666 2.73266299999887 0.0 0.0 1 0 0 0 0 0 0 0 0 0 0 0 4 0 0.0 0.0 2 0 3255779 571251 
searchengineland.com_true-marketing-automation-predicting-customers-next-move-not-reacting-moment-267817 9.42659400000048 2.52599300000111 7.23595300000125 0.497026000000915 2.1906409999992302 2.02896700000019 0.662448000000946 1.36028199999964 8.76414599999953 1.1657110000014699 0.0 0.0 2 1 0 0 0 0 0 0 0 0 0 0 0 0 0.0 0.0 2 1 3999917 594199 
searchengineland.com_two-major-changes-potentially-coming-eus-right-forgotten-global-implications-275047 13.4746890000006 1.83359599999994 10.0976100000007 0.460244999999759 3.37707899999987 1.37335100000018 0.0 0.828798000000001 13.4746890000006 1.00479799999994 0.0 0.0 0 1 0 0 0 0 0 0 0 0 0 0 0 0 0.0 0.0 0 1 4216366 85628 
searchengineland.com_using-amp-known-bug-probably-screwing-google-analytics-270466 13.4657710000001 2.43038100000194 10.5153389999996 0.579078999999183 2.95043200000055 1.85130200000276 0.0 1.3954650000014202 13.465771000000101 1.03491600000052 0.0 0.0 0 1 0 0 0 0 0 0 0 0 0 0 0 0 0.0 0.0 0 2 6217455 555555 
searchengineland.com_watch-retail-space-2017-retail-prediction-272463 9.25576799999999 3.0295129999995 6.91400900000008 0.626832999998442 2.34175899999991 2.4026800000010597 0.0 1.78370499999983 9.25576799999999 1.24580799999967 0.0 0.0 0 1 0 0 0 0 0 0 0 0 0 0 0 0 0.0 0.0 0 2 5453324 725415 
searchengineland.com_well-played-google-advertisers-finally-get-device-bidding-controls-249644 13.3313900000012 2.34374100000059 2.01284000000123 0.539447999999538 11.31855 1.80429300000105 0.907008000000171 1.23935900000106 12.424382000001 1.1043819999995301 0.0 0.0 2 1 1 0 0 0 0 0 0 0 0 0 0 0 0.0 0.0 3 1 6045428 537557 
searchengineland.com_wsj-first-click-free-269545 14.3209520000019 2.90006999999969 11.3687460000001 0.558173999997962 2.95220600000175 2.34189600000173 0.0 0.0 14.3209520000019 2.90006999999969 0.0 0.0 0 0 0 0 0 0 0 0 0 0 0 0 0 0 0.0 0.0 0 0 4990384 820095 
searchengineland.com_year-review-search-engine-lands-top-10-columns-2015-237752 13.7798780000012 2.01770299999771 9.90636499999891 0.486228999998275 3.87351300000228 1.53147399999943 0.0 0.881127000000554 13.7798780000012 1.1365759999971599 0.0 0.0 0 1 0 0 0 0 0 0 0 0 0 0 0 0 0.0 0.0 0 1 3734934 536019 
searchengineland.com_yet-another-study-shows-significant-drops-organic-clicks-featured-snippets-276927 11.4484220000013 2.23461699999825 2.01537500000086 0.552551999997377 9.43304700000044 1.6820650000008799 0.0 1.07456999999705 11.4484220000013 1.1600470000012102 0.0 0.0 0 1 0 0 0 0 0 0 0 0 0 0 0 0 0.0 0.0 0 1 1857812 410602 
searchengineland.com_yext-ipo-triumph-local-seo-274548 11.7236889999986 2.15367200000037 9.18390799999906 0.489445999999589 2.5397809999994903 1.66422600000078 0.0 0.906384000001703 11.7236889999986 1.2472879999986701 0.0 0.0 0 1 0 0 0 0 0 0 0 0 0 0 0 0 0.0 0.0 0 1 5996020 533779 
searchengineland.com_yext-launches-app-directory-26-partners-two-way-data-exchange-276971 13.7112200000001 2.86324099999911 12.2031280000001 0.505658000001858 1.5080920000000302 2.35758299999725 0.0 0.0 13.711220000000099 2.86324099999911 0.0 0.0 0 0 0 0 0 0 0 0 0 0 0 0 0 0 0.0 0.0 0 0 5726696 548778 
searchengineland.com_you-have-to-own-your-own-back-yard-264017 13.2701799999995 3.43567599999733 7.71195399999851 0.76836899999762 5.55822600000101 2.66730699999971 0.0 2.26284200000009 13.2701799999995 1.17283399999724 0.0 0.0 0 1 0 0 0 0 0 0 0 0 0 0 0 0 0.0 0.0 0 1 4712664 1077937 
